Hyperparameter Optimization Summary
=================================

Study Name: continued_optimization
Number of Trials: 100
Number of Pareto Optimal Trials: 4

Pareto Optimal Solutions:
------------------------

Trial 8:
Goal Reached Proportion: 0.947
Lava Proportion: 0.420
Parameters:
  model.buffer_size: 492975
  model.learning_starts: 389189
  model.batch_size: 179
  model.learning_rate: 0.0001289935649945512
  model.gamma: 0.6725593809516843
  model.train_freq: 1
  model.target_update_interval: 19217
  model.exploration_fraction: 0.29597460235385714
  model.exploration_final_eps: 0.010729637746887809

Trial 19:
Goal Reached Proportion: 0.369
Lava Proportion: 0.323
Parameters:
  model.buffer_size: 412254
  model.learning_starts: 145549
  model.batch_size: 399
  model.learning_rate: 0.0006738882460406148
  model.gamma: 0.6609810692126993
  model.train_freq: 192
  model.target_update_interval: 10630
  model.exploration_fraction: 0.3475878099423826
  model.exploration_final_eps: 0.14715755769966013

Trial 79:
Goal Reached Proportion: 0.517
Lava Proportion: 0.375
Parameters:
  model.buffer_size: 82782
  model.learning_starts: 281806
  model.batch_size: 244
  model.learning_rate: 0.00021472986754455064
  model.gamma: 0.6894214481576919
  model.train_freq: 87
  model.target_update_interval: 5347
  model.exploration_fraction: 0.638496492938711
  model.exploration_final_eps: 0.010729637746887809

Trial 99:
Goal Reached Proportion: 0.506
Lava Proportion: 0.334
Parameters:
  model.buffer_size: 436092
  model.learning_starts: 281806
  model.batch_size: 297
  model.learning_rate: 0.00021472986754455064
  model.gamma: 0.6894214481576919
  model.train_freq: 87
  model.target_update_interval: 5347
  model.exploration_fraction: 0.638496492938711
  model.exploration_final_eps: 0.010156338676987795
